
sim version 3

  Key:

  1) Berserk 4.6.0 (time: 100 ms  scale: 1.0)
  2) Clover 3.1 (time: 100 ms  scale: 1.0)
  3) Eman 7.00 64-bit SSE2 (time: 100 ms  scale: 1.0)
  4) Ethereal 10.55 (PEXT) (time: 100 ms  scale: 1.0)
  5) Ethereal 11.50 (PEXT) (time: 100 ms  scale: 1.0)
  6) Ethereal 12.75 (time: 100 ms  scale: 1.0)
  7) Ethereal 13.07 (time: 100 ms  scale: 1.0)
  8) Fat Fritz (in lc0) (time: 100 ms  scale: 1.0)
  9) Fire 8.2 (time: 100 ms  scale: 1.0)
 10) Fire 8.NN (time: 100 ms  scale: 1.0)
 11) Fire Zero x64 bmi2 (time: 100 ms  scale: 1.0)
 12) Igel 3.0.5 64 BMI2 AVX2 (time: 100 ms  scale: 1.0)
 13) Koivisto 6.0 (time: 100 ms  scale: 1.0)
 14) Komodo 13.02 64-bit  (time: 100 ms  scale: 1.0)
 15) Lc0 v0.28.0 (time: 100 ms  scale: 1.0)
 16) Mayhem 6.3 (time: 100 ms  scale: 1.0)
 17) Minic 3.22 (time: 100 ms  scale: 1.0)
 18) Nemorino 6.00 Patch 1 (AVX2/PEXT) (time: 100 ms  scale: 1.0)
 19) Rebel 15 (time: 100 ms  scale: 1.0)
 20) rofChade 3.0 BMI2 AVX2 (time: 100 ms  scale: 1.0)
 21) RubiChess 2.2  NN-fb50f (bmi2) (time: 100 ms  scale: 1.0)
 22) Seer 2.5.0 (time: 100 ms  scale: 1.0)
 23) ShashChess 20.1 (time: 100 ms  scale: 1.0)
 24) SlowChess Blitz 2.9 avx2 (time: 100 ms  scale: 1.0)
 25) Stockfish 10 (time: 100 ms  scale: 1.0)
 26) Stockfish 11 (time: 100 ms  scale: 1.0)
 27) Stockfish 12 (time: 100 ms  scale: 1.0)
 28) Stockfish 13 (time: 100 ms  scale: 1.0)
 29) Stockfish 14.1 (time: 100 ms  scale: 1.0)
 30) Stockfish 15 (time: 100 ms  scale: 1.0)
 31) Stockfish 8 (time: 100 ms  scale: 1.0)
 32) Stockfish 9 (time: 100 ms  scale: 1.0)
 33) SugaR 1.6 64 POPCNT (time: 100 ms  scale: 1.0)
 34) Tucano 8.00 (time: 100 ms  scale: 1.0)
 35) Uralochka v3.37c (time: 100 ms  scale: 1.0)
 36) Wasp 5.00 (time: 100 ms  scale: 1.0)

         1     2     3     4     5     6     7     8     9    10    11    12    13    14    15    16    17    18    19    20    21    22    23    24    25    26    27    28    29    30    31    32    33    34    35    36
  1.  ----- 49.47 48.96 50.75 52.61 50.86 51.65 36.72 43.76 37.73 28.33 46.69 50.19 49.43 44.38 23.89 44.61 48.48 47.80 48.88 47.14 48.41 47.77 34.87 53.39 52.69 48.69 48.87 49.00 48.19 52.31 52.33 53.68 25.98 45.05 49.79
  2.  49.47 ----- 51.08 48.06 48.43 48.86 49.60 38.01 40.17 40.85 28.98 49.22 55.61 46.50 46.48 24.39 48.87 51.09 52.31 50.53 51.40 53.87 50.51 36.08 48.87 48.34 51.61 51.44 50.72 49.60 48.79 48.76 48.37 25.64 49.36 50.67
  3.  48.96 51.08 ----- 46.33 47.01 49.37 50.04 39.54 41.08 42.40 29.19 51.69 54.30 46.07 49.50 25.29 49.99 54.08 53.44 55.80 53.12 55.38 57.83 37.74 52.09 51.66 59.07 63.91 59.37 58.10 49.70 50.04 51.87 25.50 50.22 52.16
  4.  50.75 48.06 46.33 ----- 57.06 52.17 53.14 36.79 42.92 37.04 29.23 45.07 48.18 49.26 43.34 23.60 43.02 45.87 46.27 46.26 45.29 46.56 45.70 34.83 51.37 49.66 45.99 46.78 45.13 45.63 52.05 51.07 50.70 28.11 43.03 48.37
  5.  52.61 48.43 47.01 57.06 ----- 54.64 54.95 36.51 42.35 37.01 28.50 45.28 48.57 48.23 43.09 22.78 43.31 47.27 46.78 47.35 46.46 47.00 45.18 34.09 51.89 50.47 46.76 47.55 46.03 45.47 52.54 52.09 51.74 26.92 44.61 47.58
  6.  50.86 48.86 49.37 52.17 54.64 ----- 61.02 36.97 40.97 37.55 27.98 46.50 49.66 47.51 43.91 23.74 44.39 47.75 47.71 47.83 47.85 48.80 47.57 35.17 52.25 50.85 48.53 48.85 47.86 47.57 50.55 50.87 51.65 26.28 45.31 48.94
  7.  51.65 49.60 50.04 53.14 54.95 61.02 ----- 36.90 41.99 37.87 28.26 47.73 50.97 47.85 44.80 23.31 45.33 48.37 47.86 49.38 48.45 49.55 48.94 34.94 52.90 51.97 49.28 50.44 49.17 48.11 51.23 51.38 52.54 26.54 46.01 49.79
  8.  36.72 38.01 39.54 36.79 36.51 36.97 36.90 ----- 35.13 36.59 30.18 38.03 39.34 35.41 55.66 30.84 39.71 39.27 38.16 38.38 37.21 39.20 39.18 40.43 37.05 36.73 39.26 39.27 39.41 39.56 36.51 36.61 37.38 31.82 37.68 38.88
  9.  43.76 40.17 41.08 42.92 42.35 40.97 41.99 35.13 ----- 36.84 27.77 39.41 41.39 45.81 40.43 23.19 38.53 41.25 39.86 39.83 39.80 39.31 39.31 33.65 44.02 43.17 40.47 40.47 39.92 39.44 45.01 43.76 43.72 26.18 37.62 41.88
 10.  37.73 40.85 42.40 37.04 37.01 37.55 37.87 36.59 36.84 ----- 29.87 40.54 41.90 38.16 42.21 24.34 40.93 42.19 41.13 41.26 41.05 41.20 41.07 35.88 38.36 37.97 43.34 42.18 40.92 40.65 37.13 37.86 38.60 25.20 39.48 41.27
 11.  28.33 28.98 29.19 29.23 28.50 27.98 28.26 30.18 27.77 29.87 ----- 29.04 30.03 27.52 31.88 23.51 30.48 30.12 29.49 28.31 28.38 29.25 27.70 31.57 27.85 27.83 28.78 28.67 27.86 27.18 27.91 28.14 28.05 24.36 26.83 30.06
 12.  46.69 49.22 51.69 45.07 45.28 46.50 47.73 38.03 39.41 40.54 29.04 ----- 51.58 43.89 47.12 24.11 48.64 51.89 50.96 51.66 49.27 52.32 49.82 36.76 47.49 47.09 51.54 52.20 50.18 49.92 47.16 46.32 47.48 24.85 48.43 49.58
 13.  50.19 55.61 54.30 48.18 48.57 49.66 50.97 39.34 41.39 41.90 30.03 51.58 ----- 47.35 48.83 24.59 49.89 52.82 53.57 53.28 52.04 56.42 52.67 36.56 50.91 50.18 53.80 54.30 53.36 53.06 50.24 49.87 50.87 25.30 51.18 52.76
 14.  49.43 46.50 46.07 49.26 48.23 47.51 47.85 35.41 45.81 38.16 27.52 43.89 47.35 ----- 42.38 23.44 43.69 45.74 45.45 45.24 44.40 45.29 45.30 34.13 50.23 49.61 46.31 46.43 45.46 44.71 51.08 51.18 50.30 26.43 42.70 46.71
 15.  44.38 46.48 49.50 43.34 43.09 43.91 44.80 55.66 40.43 42.21 31.88 47.12 48.83 42.38 ----- 30.30 48.49 48.58 47.98 48.92 46.44 49.24 49.15 44.72 45.05 44.20 49.27 49.28 49.72 49.59 43.74 44.65 44.91 31.04 46.38 47.67
 16.  23.89 24.39 25.29 23.60 22.78 23.74 23.31 30.84 23.19 24.34 23.51 24.11 24.59 23.44 30.30 ----- 25.88 24.71 24.84 24.20 24.45 24.53 24.45 30.70 23.57 23.29 24.76 24.82 24.45 24.45 23.22 23.68 24.00 25.97 23.97 24.67
 17.  44.61 48.87 49.99 43.02 43.31 44.39 45.33 39.71 38.53 40.93 30.48 48.64 49.89 43.69 48.49 25.88 ----- 50.41 49.73 49.55 48.39 51.60 48.48 39.60 44.29 44.27 49.90 49.36 49.60 48.53 43.36 43.55 44.05 26.92 47.50 49.22
 18.  48.48 51.09 54.08 45.87 47.27 47.75 48.37 39.27 41.25 42.19 30.12 51.89 52.82 45.74 48.58 24.71 50.41 ----- 53.68 53.56 51.99 53.97 52.74 37.73 49.75 48.51 56.60 54.25 53.74 53.20 49.27 48.26 48.57 25.86 48.86 52.99
 19.  47.80 52.31 53.44 46.27 46.78 47.71 47.86 38.16 39.86 41.13 29.49 50.96 53.57 45.45 47.98 24.84 49.73 53.68 ----- 53.37 51.66 55.77 51.72 37.70 48.79 48.32 52.46 53.53 52.48 52.77 47.61 47.90 48.39 25.70 50.58 52.52
 20.  48.88 50.53 55.80 46.26 47.35 47.83 49.38 38.38 39.83 41.26 28.31 51.66 53.28 45.24 48.92 24.20 49.55 53.56 53.37 ----- 52.74 54.98 54.92 36.42 51.17 49.89 55.13 56.39 55.57 55.33 49.37 49.56 50.91 24.46 51.23 50.86
 21.  47.14 51.40 53.12 45.29 46.46 47.85 48.45 37.21 39.80 41.05 28.38 49.27 52.04 44.40 46.44 24.45 48.39 51.99 51.66 52.74 ----- 53.29 52.15 35.71 48.98 47.91 52.63 53.05 52.56 51.94 47.65 47.79 49.21 24.78 49.33 50.00
 22.  48.41 53.87 55.38 46.56 47.00 48.80 49.55 39.20 39.31 41.20 29.25 52.32 56.42 45.29 49.24 24.53 51.60 53.97 55.77 54.98 53.29 ----- 54.76 37.38 49.84 49.21 54.37 55.55 54.60 55.34 48.91 48.49 49.36 25.09 52.88 52.10
 23.  47.77 50.51 57.83 45.70 45.18 47.57 48.94 39.18 39.31 41.07 27.70 49.82 52.67 45.30 49.15 24.45 48.48 52.74 51.72 54.92 52.15 54.76 ----- 36.51 50.84 50.24 56.91 59.07 64.70 61.63 49.04 49.43 50.22 24.45 51.10 49.84
 24.  34.87 36.08 37.74 34.83 34.09 35.17 34.94 40.43 33.65 35.88 31.57 36.76 36.56 34.13 44.72 30.70 39.60 37.73 37.70 36.42 35.71 37.38 36.51 ----- 34.62 34.28 36.73 36.93 36.44 36.22 33.82 34.52 34.73 32.34 35.47 37.97
 25.  53.39 48.87 52.09 51.37 51.89 52.25 52.90 37.05 44.02 38.36 27.85 47.49 50.91 50.23 45.05 23.57 44.29 49.75 48.79 51.17 48.98 49.84 50.84 34.62 ----- 60.39 50.46 52.34 51.65 51.26 58.45 60.55 62.96 25.94 46.50 49.54
 26.  52.69 48.34 51.66 49.66 50.47 50.85 51.97 36.73 43.17 37.97 27.83 47.09 50.18 49.61 44.20 23.29 44.27 48.51 48.32 49.89 47.91 49.21 50.24 34.28 60.39 ----- 51.00 52.10 51.35 50.46 56.36 57.49 59.87 25.09 45.67 48.00
 27.  48.69 51.61 59.07 45.99 46.76 48.53 49.28 39.26 40.47 43.34 28.78 51.54 53.80 46.31 49.27 24.76 49.90 56.60 52.46 55.13 52.63 54.37 56.91 36.73 50.46 51.00 ----- 59.97 57.93 57.51 49.27 49.36 51.29 24.48 50.11 50.74
 28.  48.87 51.44 63.91 46.78 47.55 48.85 50.44 39.27 40.47 42.18 28.67 52.20 54.30 46.43 49.28 24.82 49.36 54.25 53.53 56.39 53.05 55.55 59.07 36.93 52.34 52.10 59.97 ----- 61.19 60.65 51.02 50.85 52.15 25.30 50.64 52.18
 29.  49.00 50.72 59.37 45.13 46.03 47.86 49.17 39.41 39.92 40.92 27.86 50.18 53.36 45.46 49.72 24.45 49.60 53.74 52.48 55.57 52.56 54.60 64.70 36.44 51.65 51.35 57.93 61.19 ----- 64.31 49.76 50.27 51.12 24.84 51.77 50.93
 30.  48.19 49.60 58.10 45.63 45.47 47.57 48.11 39.56 39.44 40.65 27.18 49.92 53.06 44.71 49.59 24.45 48.53 53.20 52.77 55.33 51.94 55.34 61.63 36.22 51.26 50.46 57.51 60.65 64.31 ----- 49.42 50.01 50.17 24.88 51.02 50.76
 31.  52.31 48.79 49.70 52.05 52.54 50.55 51.23 36.51 45.01 37.13 27.91 47.16 50.24 51.08 43.74 23.22 43.36 49.27 47.61 49.37 47.65 48.91 49.04 33.82 58.45 56.36 49.27 51.02 49.76 49.42 ----- 59.55 57.54 25.83 44.96 48.02
 32.  52.33 48.76 50.04 51.07 52.09 50.87 51.38 36.61 43.76 37.86 28.14 46.32 49.87 51.18 44.65 23.68 43.55 48.26 47.90 49.56 47.79 48.49 49.43 34.52 60.55 57.49 49.36 50.85 50.27 50.01 59.55 ----- 60.03 26.29 45.44 48.35
 33.  53.68 48.37 51.87 50.70 51.74 51.65 52.54 37.38 43.72 38.60 28.05 47.48 50.87 50.30 44.91 24.00 44.05 48.57 48.39 50.91 49.21 49.36 50.22 34.73 62.96 59.87 51.29 52.15 51.12 50.17 57.54 60.03 ----- 26.47 46.21 49.34
 34.  25.98 25.64 25.50 28.11 26.92 26.28 26.54 31.82 26.18 25.20 24.36 24.85 25.30 26.43 31.04 25.97 26.92 25.86 25.70 24.46 24.78 25.09 24.45 32.34 25.94 25.09 24.48 25.30 24.84 24.88 25.83 26.29 26.47 ----- 23.89 26.07
 35.  45.05 49.36 50.22 43.03 44.61 45.31 46.01 37.68 37.62 39.48 26.83 48.43 51.18 42.70 46.38 23.97 47.50 48.86 50.58 51.23 49.33 52.88 51.10 35.47 46.50 45.67 50.11 50.64 51.77 51.02 44.96 45.44 46.21 23.89 ----- 47.03
 36.  49.79 50.67 52.16 48.37 47.58 48.94 49.79 38.88 41.88 41.27 30.06 49.58 52.76 46.71 47.67 24.67 49.22 52.99 52.52 50.86 50.00 52.10 49.84 37.97 49.54 48.00 50.74 52.18 50.93 50.76 48.02 48.35 49.34 26.07 47.03 -----

